0,478
0,477
0,476
0,475
48,5
0,474
0,473
0,472
49,5
0,471
0,470
0,469
0,468
49,4
0,467
0,466
0,465
0,464
48,4
0,463
50,5
50,4
50,3
50,2
50,1
50,0
49,3
49,2
49,1
49,0
0,462
48,3
48,2
0,461
48,1
48,0
0,460
0,459
0,458
0,457
0,456
0,455
0,454
0,453
0,452
0,451
0,450
44,6
44,5
45,6
45,5
47,5
47,4
47,3
47,2
47,1
47,0
0,449
0,448
45,4
0,447
44,4
46,5
46,4
46,3
46,2
46,1
46,0
45,3
45,2
45,1
45,0
44,3
44,2
44,1
44,0
0,446
0,445
0,444
0,443
0,442
0,441
0,440
0,439
0,438
0,437
0,436
0,435
0,434
0,433
0,432
0,431
0,430
42,4
0,429
0,428
0,427
0,426
41,4
0,425
0,424
0,423
43,5
43,4
43,3
43,2
0,422
43,1
43,0
0,421
0,420
42,3
42,2
0,419
42,1
42,0
0,418
0,417
41,3
41,2
0,416
41,1
